7910
1267
15246
24234
7946
1647
1641
27621
16836
27435
13870
10235
14053
10545
26111
693
4485
25928
24729
7302
10338
27026
27594
12925
26663
20710
6233
14005
7631
6187
6290
1051
18614
3335
17795
10501
9430
14718
25917
8498
8086
27787
4007
12474
16317
7014
10127
10126
2873
14695
13953
14499
10852
3190
16779
11047
25316
8444
16483
25436
2934
10347
11964
6826
8124
18724
1440
5085
15033
22452
2855
27752
10773
23867
27968
8303
784
11921
17591
27489
4919
25398
874
11462
1956
26342
26171
10240
1774
17449
13172
641
12926
2031
12360
17525
375
24864
1901
6829
7944
2132
25091
20183
27661
1762
12708
8125
8223
18122
16379
16983
2847
12878
25993
5049
13517
24306
2737
9218
25486
9744
11471
13941
24600
1431
12855
15653
8747
16482
24479
15590
9611
10203
10962
1710
23778
2252
25406
7558
188
10893
14756
4758
7952
24656
2422
20029
24493
14379
11456
1492
9884
24017
12016
10200
2992
24254
18559
25626
16386
6777
21121
9151
5009
15465
16418
11770
11429
15668
2130
3072
3471
25284
25158
25143
6366
16973
12492
14191
27342
10876
15256
24802
701
23994
9925
14166
12772
11970
8984
7692
8216
9721
13671
4713
17769
9155
7660
17130
2159
12219
15172
2907
21925
24913
23866
14369
24305
2435
8357
16059
27793
19407
4120
25546
27712
1025
11684
2044
13770
904
1336
16648
4012
13806
10035
4019
14307
27268
17061
17820
24286
4837
25635
25114
27508
6307
14082
4360
12341
566
14180
6870
22749
20041
24874
7180
24710
15716
14259
27966
3554
19405
4739
660
1476
16892
6328
17451
19428
8282
13961
2278
27464
4615
356
26450
25441
21792
8736
16589
27581
3724
6165
4589
7941
27605
10058
1390
16167
3453
21165
7280
6644
27800
27052
134
13246
8988
10560
14031
4825
10661
8248
14506
27128
16403
3172
327
24916
8862
26082
16514
17930
14103
22328
16519
6882
24739
27130
12182
25847
6617
15518
26037
27507
9618
7885
13759
6860
2002
1959
11646
7854
27741
7092
25713
26130
25965
25445
7711
3222
7225
20144
6749
6458
5091
3311
27720
2908
26139
2826
17034
23847
16116
16484
16222
16523
26289
15544
6654
25702
5044
964
17584
18254
27903
13294
26648
26448
17135
12489
24875
12042
25547
17036
16513
4054
24421
27803
9114
17720
13528
8426
15044
10610
12143
25404
25508
13401
5168
11686
1162
14924
15034
9953
14255
25697
10161
11942
7209
12853
13474
16214
13656
17697
7909
12030
3816
6099
11343
3278
11215
10166
13048
9503
24304
28327
17337
7725
4038
2467
8184
7629
2770
1510
3348
15674
7608
27708
26990
11878
4541
7830
16856
15140
10038
13209
13138
26422
6171
8525
10858
25963
18528
4131
26720
18809
25034
3938
4972
17742
2396
1559
27588
1473
11314
5017
3785
2432
4977
27717
3640
5053
7770
26523
1491
366
7086
9034
538
957
10197
8698
24194
352
25536
315
4186
4159
13286
2967
22435
18274
7027
24652
17737
24293
17809
13994
1656
14331
8345
25552
1669
17242
15156
4745
10236
7491
24558
1228
27316
10452
27633
16548
16693
1401
27591
27585
4024
27485
14171
6903
18273
27498
26177
17865
26468
8975
11189
3962
11594
10418
26684
26894
16003
25067
20054
7442
14661
27972
17100
13773
5112
24849
7633
1215
11413
26834
4278
809
4421
2797
26740
24198
6404
316
13868
24307
10943
13992
25291
14150
11165
23890
21229
14717
16969
9830
9350
24276
9427
17672
16955
28328
23944
10850
6071
4605
17692
6814
7040
3882
6138
507
26371
24264
14183
25485
9986
1095
24195
6672
25378
10728
14270
2536
4941
15476
15532
17873
19429
9058
14754
9047
17033
6619
26863
10186
6161
15708
27143
9528
4935
4988
1848
4950
1301
2716
11891
17389
14911
7213
14827
26514
1212
11785
11041
23066
16007
16839
1967
2518
9253
12514
26671
14665
8366
18073
6968
6255
9710
6605
17850
4761
20822
20009
24773
6872
10345
6714
22410
2018
15572
9191
12611
10957
25174
6210
24136
444
26811
11623
9763
2715
10756
6037
17414
1495
15764
2660
7100
12512
1772
2156
27837
6287
708
24120
6746
15844
15851
12718
28329
17153
8980
12869
6147
4836
4132
4880
26153
18529
26444
24667
26023
23892
1432
24330
25992
20065
7831
11201
16647
10091
1259
20067
25643
12993
7275
4260
7929
25325
17660
27713
1545
9414
25198
14981
8462
11394
13716
14610
435
12588
26722
13555
7554
14673
25575
6044
25395
11559
7627
10456
21346
26877
4162
13966
2782
25549
25828
25319
11946
17401
6066
24045
18145
27022
12155
20012
8531
3654
25982
3737
12898
17388
4548
24282
22437
2519
26030
20636
7553
3164
16241
9737
793
5155
16166
18293
10033
3792
6319
11050
14138
2668
20829
4947
12524
20961
4773
7739
6840
15377
18191
18527
14747
2284
14505
12804
15123
7150
27807
937
8742
16653
1594
4013
10183
15568
2525
12469
4005
26461
7103
8761
1997
13610
26233
18266
9252
17158
27756
4832
15376
17992
6119
27204
3096
13678
24762
12073
10011
8604
25224
4207
16451
4853
17714
1878
20933
24884
10484
14242
26674
19417
14606
11133
20056
2839
26178
17960
17590
1793
11971
20157
15304
27751
25324
8623
12606
27822
25755
15402
9758
17407
19383
25701
24141
4736
17661
4144
7757
3065
1554
14132
12969
2366
8580
16105
24430
4869
10171
10832
10480
26487
22371
574
7410
2404
24410
12340
27509
24139
8091
1154
23938
26682
7661
24199
13947
7353
6600
17173
14899
17120
9081
4122
24820
1102
17215
24303
23924
14898
26733
14040
555
4890
26291
16587
15646
1442
10380
18250
9010
23795
7810
17219
24828
2060
24918
14028
25789
27733
18782
20579
15665
12086
4420
12994
4505
8258
6618
1681
24631
24778
8304
7621
18479
9622
6957
18217
13323
11347
18281
4835
24203
3983
11656
5075
12912
10914
3045
24952
7997
13150
13676
25285
16923
25089
13447
3000
8908
27606
15448
18755
13977
1515
20872
19503
22390
27541
1388
17121
13114
14384
1818
24968
14146
26297
1302
27821
13805
1307
25045
15091
7500
9261
25306
15707
13905
20113
6959
771
27656
23896
4590
16554
12408
13551
12483
27284
20092
23878
13268
17006
3032
4901
8620
7680
14062
11267
26817
9891
24964
11830
16515
25738
5000
6459
20045
5146
4110
6158
13757
6761
6150
2133
6895
844
13006
2047
17758
25387
13753
2498
2470
24350
28228
1123
2392
26229
15358
6904
9208
26971
4457
3534
15779
10070
26483
22676
26666
898
27640
6494
24257
10237
3583
11375
27981
26837
15404
4719
16812
2418
1634
19441
16143
24357
9714
26320
15063
14214
22750
1369
17453
1860
7137
27944
2663
16610
19294
17298
10991
21155
6114
4227
4415
12400
11265
11046
10934
17670
816
2615
13690
11469
8369
25037
26416
7665
10349
17778
16922
8539
15759
26090
26401
26511
6296
6079
14478
26974
25751
17926
17556
26934
26647
11728
4288
18337
15765
24709
994
868
3224
1246
1727
14743
17189
4484
16710
25898
23949
12850
2913
15968
14378
14273
1537
10997
8665
4151
8432
7494
298
7388
12123
3042
24300
13976
12992
9373
12156
9549
13408
15273
1775
10502
24188
6419
16171
9657
6847
27736
14903
3462
17521
24127
25699
18249
16911
3126
15857
10096
22607
1379
2233
25071
18482
6443
4796
25101
11341
4502
10457
27597
20548
7746
24160
9268
24216
10816
23889
6074
27862
6238
744
9893
25046
27439
10559
26096
25282
18116
27516
8172
13484
1897
14972
17447
17912
13899
7945
25430
26110
7046
13393
24327
8864
541
7766
16700
1884
18037
18132
4876
18655
11753
11097
7047
27997
1260
2567
26290
18573
2010
27834
24630
935
25113
24197
15524
12815
7149
15713
15588
24133
21176
27865
1602
12760
10617
23859
25706
14571
6712
16219
615
10407
12114
10129
18415
1524
1502
8889
9240
6901
9940
28041
5045
26932
7158
6678
27090
16154
854
8146
1404
12009
27467
14258
10104
6851
14106
690
15760
27796
2867
26675
1208
5055
3848
26568
16182
13696
18516
27938
12018
13492
4938
8598
10904
1812
13550
1708
24202
24295
6134
25223
16974
2
3358
27611
16234
3622
10109
15529
14110
9110
17657
707
18227
12740
1519
3460
10277
16235
20539
10437
27610
7364
498
11687
5102
7852
2134
20640
25983
9595
13718
12091
4524
1446
14296
3818
16626
24519
26906
6064
12520
16713
25202
25634
6183
4279
7136
26804
9598
26509
6185
25392
25937
16842
7042
8090
13313
12519
5126
5043
9504
9569
27731
12849
14328
3807
10401
12490
8371
12608
18355
16970
17443
15065
6204
25999
20605
24812
7674
25548
4138
13586
27164
12022
27513
22845
818
5035
27750
4031
11912
7634
3941
17520
21197
27857
7600
10836
3141
14861
20643
9941
7807
15886
25433
6645
14344
8884
9116
2471
8830
7352
26712
13089
9189
6496
4645
2405
2286
27728
683
27705
6665
15773
8087
24140
27813
26452
1605
22351
20681
3861
16784
23887
24339
14658
17139
6191
13258
26020
13505
25754
2193
25225
13846
25377
6483
20813
25419
25570
21200
14051
16991
6369
26081
13609
14484
24487
12574
13394
27723
24490
4684
13780
4295
1496
10875
15059
17160
24846
16637
5132
9715
17345
20010
25326
12072
18153
21192
9077
17828
1527
3536
1913
25148
4814
18216
11685
9890
4844
14844
4559
17733
11187
8430
1131
11117
7918
26392
18382
12573
8987
10571
6641
1138
8706
25991
26512
26662
6837
17096
4512
6640
6462
21166
10099
25035
2706
18187
7469
6776
18692
22356
1832
10543
1595
27035
11368
336
14177
3821
13939
7370
8062
24191
6277
17133
17184
1294
26734
8931
26034
16114
24655
13682
25197
2624
9347
10172
1085
26252
24731
4114
11918
8666
25383
2367
11052
1386
6876
2296
1069
17085
22621
25281
13907
2806
10464
11597
13047
25111
6679
26176
1181
10082
11973
13041
24572
3152
6283
16439
22796
27984
9887
11122
15586
1549
4701
4730
3459
22864
14973
27727
1220
6275
13646
11453
9619
10826
17013
22109
13011
4158
25236
9860
18475
25891
22140
20051
26866
16688
27163
16043
9612
27537
14847
2905
27825
23906
6197
17651
16259
27648
10602
13909
13981
9723
22280
15503
14471
8093
6495
10752
27329
443
11470
10012
11381
5124
3363
1116
27613
8642
13544
24345
785
25538
9328
4878
26286
6497
6632
3282
17277
9731
2279
1842
17318
26235
12436
12137
25927
23877
26437
3889
25955
25355
1452
8847
7888
6135
9591
6742
15936
6839
27424
10646
10645
8617
12456
22870
2501
3314
11724
9725
7478
10291
25973
4515
24486
19458
27863
20631
1572
1726
26848
26862
12827
25484
22520
17669
4137
15720
15747
13125
4779
28004
24659
24654
14410
3403
26095
8528
11936
9543
15651
12657
20788
11473
27965
26148
8370
16831
12267
25656
11976
4741
3379
20049
24570
9676
6337
2656
2116
17226
6102
13482
18510
1939
11927
4623
12067
12193
18196
8324
26059
9905
17167
15235
6905
26672
4637
6178
13265
1565
748
6250
10210
6365
15982
17552
11679
14168
11184
4695
7990
15515
13440
26539
22372
25760
9480
26083
25704
26151
26838
25305
4985
11919
13071
26664
10476
8533
14895
21201
16832
6389
13118
26852
23939
7380
3487
13257
24034
4579
26490
27261
20623
6674
24716
6129
13192
26086
12013
12830
6862
1977
3994
14131
6056
16186
21211
24343
9383
18175
26018
17721
2681
3093
26574
15260
23900
20790
23977
20594
9158
25161
24847
26087
14479
4936
22304
12739
14481
7134
20751
24907
27285
8773
28119
3347
16165
24966
18645
4639
25203
4916
22681
17467
21284
3891
18483
13812
25894
26210
10169
531
9592
7112
3267
4098
7453
20345
26751
3095
3140
8422
27148
10492
2975
20717
16986
4244
25761
14872
26513
2070
13995
9993
6658
7649
11803
3624
10985
3656
9486
25563
11829
9324
25819
6977
10931
16517
13316
11051
16756
4873
12084
16985
2436
6172
16169
9615
11669
2502
9016
7845
12607
22340
8399
25218
10500
25632
26899
3022
6449
12375
25670
6763
25175
9567
7535
15530
108
10968
24909
26847
27662
9326
10827
25096
26942
15470
11790
14147
7344
17410
24118
20745
6068
3255
17804
26727
27462
10736
21213
8893
22684
4587
26683
9717
6343
2137
1676
20890
11525
1234
17126
20783
10360
3400
17471
20057
12367
27658
14960
11615
27859
20742
17622
7088
14327
3412
9146
6680
24196
25994
10173
24318
4252
27481
7837
13207
24174
16826
7041
20704
25844
16639
3739
24919
17807
15635
8737
6028
4374
23987
17652
6741
15385
7204
26939
12146
27018
20884
23912
17206
1374
23797
11922
12706
11562
13264
16242
17428
10294
5048
9364
25477
17330
15998
10327
7516
2731
27761
3971
24867
25195
7127
24664
16162
6020
11089
27950
26937
23893
6127
394
17867
60
16009
20017
24225
9952
10688
13538
2828
9822
24829
11487
27794
14257
25230
6865
12121
14734
2187
26923
24121
18429
26831
5143
9229
6174
2678
10866
7727
26721
16218
11235
16269
13547
7391
19403
25692
16883
26407
2775
15001
14518
4124
753
26796
25671
6424
7662
1973
3058
18130
1808
6452
25543
12792
14700
23926
3543
9428
20638
18618
17154
18018
10911
11054
787
8846
27835
3388
25534
1573
25818
26485
1707
741
1364
16035
17235
20047
4106
7835
11363
16751
27119
10918
12480
23868
13043
13431
20111
1114
17911
26476
27607
23872
17496
16045
3313
6166
8965
3566
27517
18154
17829
4458
25936
17724
3409
2582
7724
10849
9647
14387
4550
8024
15406
6350
27745
27236
2511
13211
5099
24484
26818
8479
13645
17713
15823
12003
8400
22757
5037
3802
24427
6857
3339
15513
15218
17199
24349
6288
3130
13704
7630
27173
18554
17681
6032
8855
23863
25542
27954
9811
7644
15727
14691
16631
2589
713
1919
17117
736
13322
3612
3115
26969
24725
15770
2479
1156
9579
24323
2016
17687
8154
1804
24588
20050
14179
22364
17536
329
4348
27982
1721
8610
21175
21179
12616
25850
18423
7499
20934
17162
5020
3855
14161
12801
17734
18125
13674
24453
10788
15395
8913
13752
13412
4204
7475
11185
1700
2721
20086
4060
14902
1941
6745
13342
13051
9613
18424
8844
12697
18543
14309
24528
9274
27341
16058
11388
12614
1400
14057
8992
4717
10861
17237
1368
11146
3329
7298
14680
8819
13670
15307
20059
9263
16694
23962
9014
15463
6677
25938
3838
12526
27663
11870
2962
25262
9819
17866
24261
6663
4638
17745
3160
16419
12211
21253
2429
3731
4221
17718
23901
15227
18002
25557
17239
14687
21124
3007
27774
25506
25253
9437
12404
25889
10980
13651
21164
13639
2054
10212
4970
22300
9266
10817
1393
14722
24657
20830
2578
362
3913
20894
24805
20708
6762
482
25794
25812
6162
4187
6902
144
24563
16774
27120
10915
7049
4573
896
14699
26948
7465
24278
17436
7036
10399
17384
25471
17674
4578
8743
11660
3261
6853
4527
846
10505
7355
20730
17685
11172
25469
9716
15455
15791
2115
11782
25033
16821
12358
14739
10378
5136
14834
6384
10138
15443
3705
17935
25062
6482
15567
9752
10854
9823
7785
4471
26092
11590
14002
20861
26236
15999
23856
19443
24361
3321
15271
7281
10892
7709
9719
24253
3034
6353
14303
9054
17993
26715
27167
12243
16257
25476
1560
18491
10574
2242
25808
7942
27996
22881
16270
2200
3484
15951
4778
11437
1236
11140
14406
1408
9303
10905
26749
15211
27665
2285
12104
12442
24192
22626
27667
14153
9036
26624
24256
20176
1143
27808
8457
11766
17608
10573
18301
14373
4488
12719
10093
19421
4830
26310
15375
15016
12431
9156
10482
7072
10995
18437
25974
8599
3477
7379
3116
12048
12271
9063
14868
4453
23862
20639
8218
25627
27465
4874
25349
27746
1817
24321
27985
652
25607
10729
15890
3333
25718
25587
27584
13279
8355
24738
17526
11503
11042
15045
14997
10932
24437
26419
24831
1813
18539
2504
6622
5054
9198
4533
6251
11495
17223
25362
19384
19470
2138
2838
2020
26726
26486
13795
14325
3417
11212
3869
1563
15519
8431
3625
15219
7263
24915
3582
16188
20937
17221
15573
4142
910
25370
20738
20746
17478
7454
1378
15903
8716
10068
15852
18349
9882
2041
2426
12412
9259
1082
13901
7559
12712
20951
25569
27951
8394
17934
24483
17400
27760
8213
1702
5015
2494
16926
6456
1283
1826
14501
25455
24444
15633
28368
14072
13122
17577
16205
3372
24573
6427
3428
2641
4198
18517
1924
24882
7532
9513
27929
6196
7222
6254
8854
14050
21225
9439
26028
5057
20824
20035
20967
6335
6923
6109
17402
10554
17106
27051
27792
448
24228
8384
27168
24860
1146
21031
20843
20593
25394
20787
1415
2448
1797
7624
6089
882
24921
9105
597
15084
1895
12105
25267
619
4712
2455
27321
25212
6246
27523
4721
14871
6372
3814
20673
8738
18576
27832
15523
18628
3089
4842
27809
12528
24324
28303
13732
3555
2569
25637
4223
22469
6048
25871
21247
23931
15768
6075
2437
9505
25815
11365
22677
8066
24672
1157
19448
8470
10964
3924
11765
17464
7223
7998
20146
5029
12727
27969
15357
14192
16337
27106
19396
4891
14254
17959
11898
5047
24062
17855
18715
2036
21244
26649
12754
14
23800
24679
1806
5032
12351
27442
10871
16623
9994
8245
6828
24218
10829
14435
16405
5062
10111
25480
13113
25684
26469
1230
10117
26436
17412
16236
4856
16884
27858
9215
16400
10922
7868
16757
20148
13768
8967
27791
14108
20063
24200
13515
9107
552
11183
26836
9971
13039
9056
3176
25384
26036
11093
27622
24666
13015
15776
6036
26905
8464
14308
10506
24715
673
25308
9136
17439
10675
12269
9995
20066
19385
2993
12304
14170
9886
12518
24957
24887
15250
3828
14698
17965
25432
21205
3599
7667
24673
16864
24718
25
4921
4460
27722
24232
26978
14862
5003
19427
26482
11258
16556
8905
6960
2981
9718
1704
6115
8998
27327
13169
10485
27726
26958
2486
24048
24221
12056
25633
24365
19382
20878
17456
3131
11871
20960
12108
6822
8128
27987
27600
7840
26152
1599
14353
18252
8420
19372
6083
14692
11436
27011
26089
16951
13167
23979
27239
11214
21196
6620
10261
25525
717
7848
2868
24455
25332
11427
26315
14776
2096
13293
11507
12210
24865
26421
14814
6772
2853
893
7123
16326
20084
12609
16659
2445
25848
13903
1498
16336
18038
9508
24845
13955
6478
1449
1405
1333
4461
11045
16444
16734
13249
10577
24728
15938
27765
10511
14612
10510
25642
22903
3338
25712
16420
24237
9656
10137
4046
6629
13552
16258
15224
2172
4175
24601
16392
12007
26865
1202
2965
10088
13436
6081
27484
26288
24524
12793
17225
13321
18581
5010
25611
24674
15921
15118
23905
27739
25802
16493
26101
7745
15100
8424
17587
17240
15863
11968
7124
7459
782
10298
7646
18619
7656
3797
9594
7707
26228
17941
25150
15176
24900
3890
20798
25159
15424
24530
16603
12258
12247
27907
8252
14442
3209
24272
17218
25399
10982
20979
18149
11472
14694
13652
23958
13014
12180
4355
4973
3653
9921
6052
14830
9278
622
17665
25899
17799
24037
18157
9620
3326
25956
13989
4285
14070
8259
24751
15937
26698
18522
24190
25707
15893
16516
6498
7866
24413
24137
25531
20755
26091
20929
13543
18519
1423
27089
12221
16268
26999
2707
11048
15112
18287
26038
6097
9109
2932
3831
24488
12419
9627
20999
8959
24040
123
2316
26406
1304
10518
24827
25388
12810
15477
10580
17418
25624
7771
14742
13473
20644
19413
1511
9963
2264
12316
21035
14882
11916
13188
2711
26465
1355
6235
26646
7028
16744
17518
18624
25551
18408
27975
14521
9153
2308
4800
3482
12041
8906
18158
22466
11612
519
8020
4586
27590
8407
16106
4214
14765
2206
27535
6747
24290
15244
4546
13813
8867
12979
10211
27734
21421
739
500
16993
943
13314
1514
6940
10507
26430
5040
17399
13202
15328
12120
12985
26393
11659
25004
12851
26844
6725
4867
10193
2058
25897
25530
14840
24661
8330
1416
16915
12700
25145
4404
26945
20842
647
17380
8413
539
24818
3852
16032
10103
14163
13751
6750
9514
1169
23875
680
17474
834
26677
6684
24445
25806
23796
4775
2155
9738
10253
4490
15650
16485
25962
1218
24461
20841
24658
2402
17601
19392
17236
26097
7402
11917
15272
13777
1506
4384
729
2603
997
17097
8405
6051
26182
18035
9071
18129
2180
8181
10477
25176
14746
1636
11731
27614
26830
9157
13540
16397
7056
16361
24425
13545
16807
8365
10867
490
20941
15223
16869
1745
543
24632
24747
9634
13756
6952
10207
26717
20756
24335
13191
74
9646
6676
12975
13664
11452
16525
26368
23945
15162
20171
15199
26195
1754
24044
27729
4727
4699
27449
27432
10853
4222
24267
3464
2904
2173
1801
24226
13292
7623
10031
13815
20867
24908
2211
2680
26741
15040
1743
17454
27867
26456
9585
9106
14231
12023
764
6289
26521
4752
11957
1624
866
19391
11969
11038
4850
8888
20061
10989
25861
8406
21198
21162
8810
9985
16643
25095
8582
4872
12671
23775
8832
4230
14597
10910
16699
23886
27647
4553
385
7440
14592
6488
3568
522
26466
25052
8983
2205
10086
20014
9132
4267
20869
5123
26341
10844
20632
24721
24285
1674
13750
24898
17099
13642
23812
14357
25805
14374
18496
27782
14675
16180
13972
9400
21191
12268
11945
18433
12272
17695
3249
6381
22514
17497
9755
26042
1948
15324
1809
3984
9790
12021
25047
17425
10179
1773
15777
7173
10704
24676
5073
3577
814
11141
26621
9254
25942
13490
4028
20545
2331
14011
2520
13556
10655
11609
11374
15825
25971
3119
15516
1076
19390
18446
4146
21203
24567
6128
2053
14186
13075
27438
8190
17824
25661
12368
20043
24817
27126
27753
15459
1112
2391
16558
13764
28195
25686
15030
8410
8135
21206
23810
3035
6944
13009
4200
4096
14663
15114
24249
11142
11049
27631
2968
14925
16442
6835
10730
2057
9145
1128
15178
18418
10585
10292
21189
24785
14173
13798
2954
3367
15454
6445
8685
10770
17744
16423
11342
25318
25526
7846
9488
27235
4875
27730
18148
20840
26084
1023
17346
16179
7681
25435
11218
15381
21208
25169
25390
8904
24263
1164
10270
24590
4178
18540
9722
14020
4091
6142
16878
4382
4544
777
24341
9366
16194
20909
3985
1257
27518
17403
24604
27627
6143
6607
7651
109
6467
17624
3506
13824
15642
215
25858
24622
757
20817
10862
1264
24992
14219
24187
8583
12366
27630
11119
17553
2328
25810
15400
24398
26835
18719
3863
10601
6932
6992
20953
27331
6203
9209
6878
8249
11506
15710
25124
8941
1032
12666
9531
14306
17573
7615
9037
17201
26454
16888
4933
16017
27521
364
24626
18595
17770
11056
16972
18416
14994
8273
14216
16215
3843
6659
27169
16213
16305
26510
12991
10140
24292
15416
17032
10702
18006
4008
10032
25391
13774
24454
11369
16228
24408
19469
24247
11879
7354
20618
27763
10251
22806
23937
11100
11032
5019
9805
27812
6848
6120
219
6949
12593
10586
24435
17743
13256
17108
26035
11681
1244
7590
20785
26760
3118
6136
28369
11674
4913
9222
19415
259
6933
13613
4009
4670
7518
19380
10410
18165
9470
26459
613
10202
25786
17104
12488
8673
10593
13404
25460
8379
25055
22361
2144
7369
20860
15113
16375
27457
6425
27790
16881
26930
7035
11324
8966
12960
12363
14107
22647
1763
772
4405
26496
27083
10074
15348
27510
20957
15301
4710
6499
27245
3969
16976
17717
27721
10346
10280
10205
10498
25407
24560
3850
6880
2182
10216
16170
16793
3867
9361
8885
27287
11553
2613
8425
9349
26559
1111
17138
9412
9249
23874
17859
26507
3159
25567
4283
26503
3447
11857
21926
6096
15037
3407
25929
11983
26206
26424
23855
1287
7953
13343
25663
22383
12761
16862
4318
4023
16651
13168
26495
6954
17202
3199
11090
28268
25922
17817
11721
25698
7455
22401
23858
8298
4074
27209
3810
9802
9728
12962
15543
2183
17749
24589
25813
1822
14904
4746
27960
12402
28330
9593
10542
6362
5022
264
18499
4427
15848
11837
10162
8305
11523
18621
4082
27145
24889
11608
19399
6124
23930
3750
11405
4084
10781
12634
24046
22666
12632
10144
13044
6856
24956
12713
587
18340
10080
8423
17363
2625
14343
6186
20885
16407
25272
1568
6399
4807
942
3473
12973
3017
12522
17005
26021
10029
21273
334
6606
10851
16615
2612
25657
13001
14735
1319
22283
2079
24452
27515
25170
11039
583
11606
4390
5061
15528
1356
16857
17504
4136
4984
2823
3092
2019
22867
7172
7793
11880
15645
12227
9987
4747
9419
11591
16559
24596
2458
14480
7592
13898
26481
9818
9098
10403
11457
26964
18190
6302
25251
15085
25309
8891
4150
12587
12955
24464
3910
10819
16046
7210
25375
2523
26186
27166
25658
25765
760
15659
6454
24402
20098
6267
6053
2505
1865
4795
16819
7342
11935
11517
6450
10813
15449
25382
13884
1395
1448
9874
8717
7487
10636
1003
14019
21056
27609
24628
26920
1961
27980
27806
1862
4595
27801
11287
27580
20562
12277
3162
4491
15247
7691
798
17650
4944
27006
25036
17700
14001
24938
9876
4400
424
27583
6646
2454
10373
6305
12696
23990
17030
24888
26464
25834
17080
850
25853
26150
2014
6844
20089
14611
20099
6198
6133
17560
16553
25155
16743
3336
21288
17421
15655
10467
17207
201
26506
8445
12008
26415
17666
4319
2506
16487
17611
4072
1767
15314
3200
7262
19402
4335
8102
2893
18472
14453
15906
9327
4980
8522
27616
14376
10424
7699
27127
1505
26427
25700
10983
9649
8053
8503
3589
26234
24036
17658
15631
10988
23798
12246
9629
2692
6130
2131
11104
24891
24816
8664
5150
17966
26467
1396
7214
12679
10455
21163
4742
11488
18637
15867
18212
26071
7873
20081
13679
20770
17774
7995
825
1335
22369
18117
12289
24333
20034
26864
26231
5154
6279
11327
21271
14909
12580
2384
13957
25263
5069
12301
9604
25820
7477
16157
25668
18925
15354
11210
12294
14714
1176
26896
7125
15649
10631
2120
14129
17465
21212
4803
17424
4113
17712
26944
8497
26140
13261
15099
13892
9869
24301
6091
8257
26425
7879
7988
24035
6706
4069
24822
4192
1454
16071
13731
9903
7318
1222
13616
27577
6834
2674
20596
16008
10650
20740
10830
27601
10609
2218
18269
4351
6689
16374
4108
7714
1768
26299
27487
24826
9046
6327
26375
16786
8198
8358
26443
7044
10584
4346
7847
6242
4744
27743
11607
19450
14139
491
8019
7157
24429
17000
4231
2097
25727
931
4224
24557
16541
6653
3392
9055
20619
4211
14450
143
10355
25641
14316
9665
6924
14074
26799
4407
3127
5087
22744
16709
10069
7769
16820
13648
21173
25259
26846
7091
2808
9331
2676
24881
25274
5152
26473
7579
27238
16422
9057
14185
3362
13546
14332
7889
14602
27669
24779
3993
22650
2272
396
768
10974
251
10085
13061
18853
17675
16037
4145
25270
3254
25216
10809
12808
16853
15384
6966
4925
24494
11222
27108
7595
20914
20737
15128
27082
12963
24564
17815
7778
18029
9035
26497
1119
573
12370
2197
26812
25190
621
2045
11628
7742
26650
508
7114
9754
14324
3153
12966
1569
23884
16789
15822
6200
12106
4298
8744
27328
9602
7580
27461
10963
18324
20966
13277
5036
19400
11716
26491
25763
8417
17929
24462
22894
12794
1992
13900
10258
8260
27844
27704
24047
18445
14176
24450
4406
22373
9530
7567
2474
10102
3124
16267
1044
24741
8863
26708
12927
8534
512
7641
16822
24233
6373
13124
3652
8100
25795
856
25481
12161
27963
2290
6141
24941
5016
6958
14035
27324
6239
4902
17145
5089
9039
4006
7117
11555
10653
8882
13689
13389
241
24963
11176
232
13794
4626
2533
186
20845
22884
3123
923
17686
20626
13729
12437
1457
25603
14381
11168
10000
11958
12145
15217
19438
6947
1680
20778
5034
26977
9399
26845
8463
15935
6976
3139
25116
4321
6060
27483
18717
19455
7144
1859
11550
25314
18143
16136
12491
14007
10130
15410
8930
1677
4909
8527
24230
9445
12255
25054
9787
20006
18241
7294
2001
90
27805
742
14595
4018
18379
137
13557
959
6967
27827
25102
3397
12274
1074
24758
6276
20811
23927
17198
10014
8918
4410
6650
25621
6324
18251
16189
16135
27589
12192
12996
22508
8661
17574
8759
16544
3332
12507
10062
9617
9720
20943
24222
11377
24492
4648
9078
15452
13672
344
4815
12956
13650
10233
10444
28074
25896
10157
9624
17699
25578
6209
5070
20962
11725
1608
27964
13687
6334
23993
25877
10815
27102
5038
27160
1682
3334
10863
5700
26075
24942
15325
9496
8001
1011
18823
13128
24960
13328
6352
17711
18161
28326
27649
3202
11804
2888
25644
8911
8972
24939
2815
4636
6616
2421
4570
5004
9090
15478
13263
27732
20750
4472
10356
11558
25838
14271
10960
11557
16184
27952
21209
6978
3328
666
6315
1533
16039
17585
20865
3738
9040
1305
19457
2026
5111
26027
25811
4418
6034
9605
28005
4168
8346
17539
4498
14472
11015
9473
1018
26044
9829
3896
15527
1299
25855
24477
8461
13706
10300
14190
18948
9761
17825
4879
25856
11802
27836
20733
8256
12295
16368
6709
27123
28153
25968
17813
25252
8456
10716
1104
13430
177
4123
20666
17136
674
10199
4354
14000
8496
11703
8416
11547
16609
16893
7336
27246
2126
14896
18086
7657
26311
13598
12961
14315
25147
16406
16612
1068
2945
8119
26000
22854
14477
3995
27870
4385
17427
7517
20823
4539
16880
26251
26414
13709
6145
2637
21036
23947
6284
24308
6084
24602
12493
25269
13580
14857
28000
21221
15187
8501
10961
26695
24899
8518
8075
14304
16646
20656
15115
26070
17625
17472
27830
5158
26996
14015
1722
9033
26365
16394
4630
1712
26843
20975
4380
14009
8763
26343
16158
6057
8928
852
516
25235
7693
7673
7224
3026
26681
7167
27520
2748
3018
1107
26570
606
23998
16507
26381
15212
16366
10754
16611
8517
14672
18228
15092
16364
24123
17716
4939
9332
11317
10558
22651
26560
14272
24242
27781
26273
13894
5153
1679
7688
1829
3055
25350
25443
4020
2249
27660
25181
16325
4602
25719
3784
6943
6748
1493
20820
27158
27440
16811
1861
12612
3364
25645
15221
25238
9885
8541
15446
26809
21122
16340
14613
26455
24746
26344
24412
8932
783
27170
24922
17482
6131
10083
14600
5173
8368
6345
10063
7720
1851
9152
7584
14933
11466
3585
17864
10180
25998
9238
24432
15254
3671
3676
16745
3803
17514
9417
16334
25895
8045
7087
3044
1071
16520
25647
26088
8288
14010
16245
16278
25363
15997
14777
8835
14570
4375
4095
24713
10634
27097
4331
17185
4823
4851
20900
7303
2443
7878
8096
17040
2635
2021
9584
6661
16909
27797
7184
10262
18511
17290
5083
17475
25916
10967
2560
15864
3623
1761
10081
17705
203
27540
26947
7566
9992
18910
9150
6252
14348
4968
9013
27315
25226
3280
1626
25271
16695
2496
27766
1359
12687
9897
25317
25049
16859
16669
14029
4597
14930
27203
25923
17103
2952
9245
9820
6226
1183
7560
16557
11219
20095
11552
13055
3644
28111
17796
12071
12832
8393
10587
665
599
11253
242
18856
7682
25640
730
9446
20955
2759
17903
9275
16545
27910
7102
10201
7683
8038
26833
3628
1570
6624
3387
21132
16164
9447
3912
1814
17886
18458
24317
19436
7788
10903
25358
13771
27116
15888
22299
27776
25474
5001
961
10973
9589
16160
26172
25040
22319
9335
4840
13987
11461
10408
16030
3381
9230
11336
26170
12286
565
10938
15554
10802
18538
7804
9386
18720
15210
25881
8971
20758
27709
1357
4692
15502
11290
966
2385
11463
3551
6422
5174
10263
25397
6118
8910
26892
8404
1186
27646
25059
7851
19386
12937
24895
5082
113
27019
2460
7356
9002
11682
16563
460
7483
20608
10864
10453
17662
22868
24451
18620
14117
26895
11526
14248
25796
11603
24468
27441
17858
9415
25205
15709
894
25792
12957
8094
3114
2165
863
22682
3544
25280
16338
5169
28107
24053
20650
590
17872
14021
16038
27427
7331
7822
546
16313
921
2403
26810
1394
13164
14856
12734
27326
13176
25737
14305
8671
6442
709
9360
20870
16594
14133
23991
4634
13581
18611
17081
14298
7685
183
20633
6751
15950
26432
24770
3885
12765
4025
2876
16747
18024
4521
13974
20946
6223
10553
7670
24470
4922
27654
14640
23999
10654
16042
27645
17803
15419
13276
4280
26417
17684
27542
27159
26957
25374
13928
9630
2428
24627
20875
25003
13161
6884
25878
7464
5018
7481
27638
18865
27719
25444
9853
10783
6886
25610
6224
17612
15956
12046
15105
10106
10249
1938
6670
8451
1427
24130
3215
12179
27436
13472
28109
24239
2439
18575
14090
8495
15687
1520
14596
8274
17450
3796
905
18571
24786
26700
6846
24050
24296
2739
6193
11303
27088
15437
5027
16736
27973
11072
27426
25403
1180
17822
13669
3020
25426
27174
4858
9765
9148
12425
17156
4555
17706
14749
23904
8082
26478
1810
17798
12244
25816
11329
355
3327
7287
7208
25935
8645
9596
7284
10651
12773
27823
3319
13351
10612
7378
1280
16486
9053
18439
14238
23957
1391
11881
9330
3909
7832
3813
27636
10719
10271
23777
12709
11574
27125
11683
10647
9862
813
2046
8659
15453
21245
8127
2381
24281
20064
2835
3537
9727
24759
24142
18693
9599
27506
2253
2393
26500
15019
12563
8715
12220
6280
27780
2107
9239
24722
11893
15209
494
22139
25001
4756
5063
24235
27531
22833
19465
6434
2254
16072
13626
1020
8212
2148
12424
25703
17667
13208
17641
4603
7645
4688
3361
7596
26402
13587
7485
6948
7178
26694
22738
26738
11764
9337
302
4812
22891
15215
24748
17159
24996
13675
6317
27482
15171
14253
7628
18577
2980
20107
23968
12900
10133
7536
11982
11091
8714
1343
1376
25361
23989
10687
2587
26224
22444
10966
2901
13754
27526
2168
18525
1177
22301
27229
16079
6994
20097
26039
749
24648
26259
9950
7288
12138
6744
3837
26907
25705
25063
6281
10806
3041
26851
20159
13499
10107
8532
26711
15340
25833
16649
11234
26765
4942
4600
21234
27810
16367
10087
8529
25919
15237
18193
16526
22808
27459
9154
17011
8246
7655
11576
16882
23909
10822
4129
10326
15690
6241
873
18111
27635
2438
17102
20935
24244
12378
27644
17576
6039
14750
2537
13850
11748
7145
12626
6621
9410
24720
8076
10167
9545
27512
10481
14795
492
1170
24223
23959
4048
20864
11211
2966
3038
6244
533
7177
11519
24351
26565
333
17371
16614
13999
20722
1920
12473
4740
16333
1731
21177
26667
13106
18840
6655
6101
10462
19164
16527
9524
15778
17600
7545
5118
10079
1014
2480
7718
6363
13647
22849
7048
12856
13539
10578
17659
1794
857
4027
6889
11174
18727
17861
12729
4053
24675
17768
13123
12829
18354
8594
13810
27959
1489
407
9308
23903
8985
2514
4353
26965
21272
7735
28114
18478
25160
27979
11527
9871
26154
24663
4930
17165
13205
9351
9865
10101
11575
20815
11967
25094
8960
7802
11233
21147
17606
1796
25752
20654
13200
9928
24787
6182
7075
17668
25487
27943
27176
12498
1207
9600
15728
13735
24756
25110
1122
2387
16024
20607
15656
21182
3928
15942
22869
120
17629
27524
26489
24851
6094
284
14826
8565
26093
7803
14076
27758
15228
32
21135
25117
2410
26423
15413
14656
7951
18197
14346
2747
7502
7733
24116
1899
17078
15574
23763
18558
12405
9223
10232
6416
24872
12495
18056
14041
18159
7834
26758
978
20936
15482
25011
369
22625
13653
13110
6095
14721
10768
1026
2292
25545
11632
15119
8949
15712
3002
6815
26713
27514
27251
17868
10780
6735
1852
22642
23936
18572
12157
12828
13040
8063
18124
5076
11548
25966
1384
20011
23870
9946
16339
8769
17446
26709
16233
21242
10755
10196
20802
24344
26970
12359
18091
18023
6838
23996
17557
1420
12326
27715
24291
9247
26688
24688
18128
9751
3305
25662
13488
2803
10897
15222
9444
2449
17119
10198
7800
20554
11894
5100
25710
11796
17522
17487
5007
9516
7084
14334
13944
10569
569
7351
6907
15450
25060
2077
16860
2344
26943
8110
27103
2303
11758
12699
17881
9759
7390
12292
26718
27725
27286
12438
26956
7174
26850
22445
6098
2693
18588
23879
17076
15127
4478
17755
26529
10170
24848
7637
11058
1451
4849
20881
26373
4489
19451
26002
27748
15976
4398
6656
15264
7585
9906
21285
11732
16989
6718
3845
20007
15715
14188
9655
10131
6025
5165
24248
17010
21143
18659
17129
1339
17238
15214
1072
17806
27576
25564
26744
18658
25659
25298
23881
18734
16231
4058
22432
11421
11291
26484
7686
9964
3563
24823
24186
8097
1942
14266
11984
15889
23848
26045
17293
2890
7304
15208
2074
9522
3210
14860
8292
7640
25773
1847
6885
16459
25571
10976
486
1413
6038
11933
7211
14068
11069
21260
1781
24184
7142
27456
24457
11250
17132
26366
9861
18639
26480
17009
25504
3091
3805
23907
26622
20895
24607
4711
7805
5023
14061
14738
26196
15083
1503
24260
9411
27653
24885
7671
12110
25636
12998
22728
27738
13247
14852
7147
26471
24201
26085
1036
26620
4643
8771
16431
13175
4971
1509
3626
4000
4217
15623
18292
8295
8016
24268
4900
17748
16345
8088
3846
16705
18477
26333
843
25367
26775
657
27460
24740
11528
26361
26250
8912
25473
26372
25969
2268
24737
20141
24277
16226
14674
8964
20873
12406
26428
11389
17441
25468
13697
25653
13485
26922
27789
2260
1625
9401
24689
20887
6194
11300
8129
3854
9919
3053
16311
25784
6786
13658
22375
18716
14728
17999
3528
7463
22353
8547
24771
24288
18381
17
18367
16047
58
8089
26737
16216
2673
25708
27988
11459
7168
26405
8948
9465
11727
13896
22889
4364
10570
16417
25890
335
11302
12249
9637
9668
8850
3778
10279
17996
10337
1953
361
3394
4918
14565
750
9603
8809
13879
28331
25888
27744
14380
25219
9658
4557
24531
3465
27642
16078
20775
14284
4205
12293
17217
6387
2646
10933
16895
2071
27958
6375
9365
20948
18530
1484
4920
7748
24515
16399
2644
26109
9317
16391
4016
4772
11438
21157
22731
20188
11900
12982
518
10810
15824
6956
20592
851
10540
16181
7034
22402
15392
9363
17863
22367
8504
13956
906
2194
26714
4665
6877
24352
20069
26261
10582
6323
9877
6332
10136
3598
1755
4240
8441
6667
3424
16586
11872
4948
16837
27815
25166
21088
17391
480
2280
6457
2738
11947
14841
7476
6969
3470
26580
10465
7947
25360
25162
1552
27906
24761
19410
26626
25479
24320
22365
12015
26367
26426
24967
21145
7821
21128
25000
20844
5039
6930
11783
25373
20819
19459
14446
10281
22534
22447
26680
6691
26232
16975
3386
14697
15483
25690
24995
1823
880
24742
23891
27418
505
8197
1981
8929
2220
10772
6920
11025
8183
1203
10036
8322
16052
23860
15793
25646
8991
8409
15308
25846
3752
862
24719
2399
2091
20080
10799
1366
8718
4052
2389
3168
12439
8829
9547
22434
7726
15378
23837
10774
27034
11465
12130
12683
10499
11840
26146
14052
6781
9962
3547
6063
22848
25261
10071
13330
23882
8970
10084
1219
4075
8354
4979
14349
16595
7890
27084
14377
19412
6282
27450
20856
14787
15418
11972
8822
8660
24955
6067
17771
1318
27499
12365
17727
27147
7753
26685
21167
9475
996
14715
10128
343
18245
26244
15249
2735
11221
26524
1790
16644
7706
15561
10333
5129
5052
12717
14799
25275
24391
15641
24843
7007
27599
7218
17220
17155
14364
9653
18596
21187
25467
17805
4843
26959
11087
25995
841
5077
27629
542
4681
12911
12080
10958
16449
7948
374
24182
1168
8630
15859
25541
24894
7542
2524
13593
26813
21246
23910
4514
12885
958
26526
14033
24651
17170
22330
24393
12817
21204
16232
13093
25107
5079
26652
16414
15408
21270
25353
1334
4782
8348
2906
14167
26776
6110
10389
17124
27716
24001
10994
26104
9614
2294
27603
12053
14054
15139
6105
24057
8196
6705
2351
2184
24354
20940
3531
20020
1882
18155
27771
4722
12296
16731
14686
12129
5008
24556
24294
4245
8395
16944
26316
14347
8672
2015
7470
10165
8367
3505
26995
7599
14502
8613
24680
25730
24700
11435
1513
8746
16997
2416
3907
15177
2315
22332
14971
3641
15970
9219
13259
12589
26533
17445
18326
15233
18011
12976
8823
13967
11134
8899
9348
804
6687
5084
27142
3231
8500
18414
17936
17664
16521
13344
27175
8126
2879
12066
18121
7668
21262
16211
11251
934
1740
17203
24587
9112
24347
13908
6378
8954
3868
17019
12597
23841
4714
7996
14846
1229
25711
9915
26488
2023
8021
875
9896
14152
10975
1819
5134
9429
25996
24940
2462
6955
7994
15868
26750
27826
1380
9483
6460
830
26893
24340
756
13904
15721
15619
6111
10285
10113
18356
4620
24529
18587
9237
14003
14878
6035
10583
9922
23933
17422
6788
26673
13203
1789
10949
16987
27772
3977
20747
10987
15259
21120
5081
10013
15520
6112
14027
15795
14008
4076
4627
6919
24480
7903
24723
14134
9652
10604
18063
25260
10786
12886
26439
8069
5115
7226
6055
13062
18272
11842
15263
18378
27312
15654
3047
14482
20784
25323
14489
24598
11332
6208
13990
26797
4783
13968
12726
4726
12270
4079
16711
6965
4216
24156
14858
5059
27085
25051
24990
12435
8210
11490
6107
870
13003
3927
7790
25389
14202
27211
9143
3229
10061
20839
2004
4167
10095
4686
9632
6062
9471
27593
24426
27942
27757
735
1739
15643
18718
8892
5030
16992
27495
10030
6863
10194
1269
1905
10466
18612
6329
27615
9859
7488
11096
13673
27233
25109
160
1800
27317
1303
24999
14833
13887
24146
17942
27205
11929
28007
28108
17204
26670
17387
11263
5095
1086
18404
2006
22743
28321
27967
1151
6269
3306
648
9203
24684
25655
24243
7582
13476
18267
17888
7839
6222
9188
15632
16813
18701
25303
15066
22303
13008
1824
22377
4924
17349
8621
25849
8976
24878
27472
24061
26227
18218
85
24181
8002
12756
21280
25048
17295
1802
11318
1604
26226
25507
18476
3811
4552
27779
6823
27971
10234
6716
22745
2321
6685
25756
4753
16183
17110
15336
13719
11838
18761
20837
8883
6117
27703
15992
7968
11055
15188
12714
8558
4459
7639
27659
14073
4317
1695
12494
10821
26735
26475
14601
12376
25809
25964
14403
9104
1521
26840
6295
17621
4424
27115
25265
24599
15142
24411
18469
12774
4969
15853
20744
24460
17434
24132
4854
15257
15583
17627
14854
8767
13665
8382
24873
8982
20963
12890
27664
11704
1639
9951
11330
1363
13988
12361
11061
7377
17452
25010
604
13975
8564
25535
11629
18351
25840
27961
18464
2889
12887
6176
14241
15869
12136
2158
24265
3302
9733
7700
13772
3931
24258
26225
4693
16775
2642
3894
13814
21202
7373
9816
13190
16329
10089
1792
13002
17253
3786
14004
16128
634
2185
2631
20896
12658
26569
2305
5060
27210
10697
216
1983
23995
10680
16877
2027
5117
25750
9059
16741
6164
23946
10187
8439
9568
16129
5056
15480
24346
16104
2175
25112
10178
23955
17862
9161
1543
25862
5058
1362
14773
721
1163
5078
26314
23805
8294
18169
26566
10856
27104
9235
13325
17310
26099
13319
6310
1561
24331
10970
12764
122
11508
25099
7583
4127
15315
8559
23806
19416
8408
7710
1645
4821
12525
11549
14729
25717
23925
13533
1925
15041
15394
826
10971
27539
15965
16488
12109
7581
16206
11749
6248
6011
26220
1472
4341
3879
15479
2487
1464
12362
16866
25558
15414
18057
13320
13193
26651
6683
7811
1105
23756
3558
14443
5156
1358
18137
8385
25478
4989
26839
25866
10581
20889
20145
20683
487
10519
10635
6690
21287
13779
21190
14022
13680
930
2633
20749
5164
3353
10568
7850
21131
2863
2698
9418
10334
1008
11378
13317
5127
18246
6243
6026
25693
12070
6170
11182
26530
7148
11153
10293
1348
26699
1417
605
2542
10801
11057
8760
4121
12741
14232
767
16543
515
1273
3661
25574
13973
17808
8758
24523
24119
12513
16036
1846
13005
6652
7413
10483
15624
14599
24744
3077
7931
26832
4642
15871
26069
3773
16990
7792
7557
18430
13916
7761
21138
2933
27099
11701
10935
12012
17826
9972
12811
11236
9523
6338
25753
1013
6780
26185
13691
17020
16312
19414
16133
7501
9542
24246
18553
9260
12184
19463
14875
18656
27764
27841
20944
6168
9162
6660
1231
10283
1672
26701
12579
9325
10977
14922
6341
25934
47
25213
1235
25870
25553
7902
16588
9485
3887
3611
15908
6228
25793
9160
15017
17874
12183
16632
17172
2013
10252
26946
18524
13315
11173
17440
1766
8994
6769
4271
26623
4236
3069
20663
5025
12757
24711
14030
8909
9501
16785
14256
3637
8101
17880
24193
26385
27706
1340
26145
9108
24289
11774
14664
24275
2522
21282
12753
24238
8328
22888
3919
3981
27180
6651
12864
8085
25766
10098
14137
16913
10339
13758
16852
20748
24485
10181
22850
710
9628
11993
982
24583
2204
26716
14491
8255
12
929
3979
2056
4860
15892
946
24287
15216
7330
15845
12165
25940
4199
4256
26743
20800
13210
4724
13615
24489
10804
14676
10342
13859
803
26149
23813
8455
6866
15015
17568
15039
24481
2792
16250
4975
6642
10877
12059
12866
4417
17579
18352
21125
3666
25307
23992
24568
25725
27777
18450
8895
24117
13962
10341
12863
3616
24862
27187
15522
27423
8080
20795
9580
2468
4456
24179
7678
25807
8866
17107
4940
6778
2247
20945
27861
9935
7635
16342
2846
27469
1978
14382
8220
11181
11895
4536
27443
17957
3956
14215
15840
16768
7460
11060
1293
27470
15618
3243
20612
26362
27768
10159
20765
11902
27578
12496
4190
8242
15796
8211
4369
19404
17609
4080
27945
26230
15082
24991
10942
26369
26031
17968
3410
4483
1375
4574
6842
15245
4287
18638
23928
21219
8557
687
7605
28120
20024
27754
14118
27983
17437
17200
19408
6342
2213
16450
14731
18257
18523
25505
27602
11596
1871
13943
1314
26183
7101
6007
27657
27755
10090
4213
14067
18622
25814
8095
25631
8098
8986
11419
15486
2299
1323
20040
15955
26274
12461
26897
25688
19447
1701
16758
2900
24668
17047
19464
781
21263
20616
16049
17538
26003
14679
5066
24636
6012
14594
2877
9500
6298
7801
12019
23861
11975
5072
4381
15540
17726
1211
1621
8280
6480
10134
4455
7949
25244
24714
12043
6354
4196
11593
20838
4877
15673
4330
20958
27714
27582
953
1964
26449
5166
22204
17152
17001
25115
14135
12040
12440
11994
24491
10297
8078
2123
25648
9858
16847
7562
10092
18209
17550
26077
7389
25529
7328
12441
17819
3454
13573
27949
12107
25736
17190
13080
1863
15812
10275
11202
14724
1158
17243
3489
26972
25239
25273
18425
14483
12348
6601
16284
13058
24920
27458
26019
11474
19411
4454
15321
10328
17111
28370
28116
8148
842
6212
12968
21057
16327
9262
17753
2302
12057
8887
15726
25376
17058
15316
13038
12736
23908
8074
12415
22521
27471
16398
14026
10255
9205
4185
6827
20782
16000
9015
3584
18105
27788
8550
6861
11188
10611
27595
15230
17413
27023
18053
12434
4496
14034
5182
9256
25749
27977
27293
11040
26759
4206
24434
3980
3025
12232
1285
25428
10404
20848
8285
9927
2430
19468
23894
24279
8222
20004
24571
27113
7183
16562
25268
7556
21232
24699
15294
4781
27946
21269
6139
9936
27641
18683
13046
10470
11088
12323
11334
27783
3399
2124
8113
17144
3783
16863
27017
10272
3808
15514
8958
14828
7701
12581
24559
25939
7245
13997
9243
3415
4558
17642
3368
1551
1113
17255
1972
6623
25804
7482
6446
13582
9521
9032
20767
6913
24326
4182
16248
14230
8411
18383
7151
11306
21199
16390
16019
23811
16141
11297
14923
25050
3670
16048
10305
13251
16735
9031
27269
27024
4086
13808
18610
2040
7676
15771
26661
1418
1252
27618
4632
14853
4255
1463
7632
9654
10984
23932
22694
6059
10605
7896
18031
15388
13695
12755
17940
16767
27626
3925
10824
1410
6743
9650
11455
26446
16220
10814
1352
11513
26433
8619
2773
13737
9265
24018
3003
12663
14931
17157
1807
26815
17319
4105
17914
11414
24469
12763
25797
20807
4220
13098
12786
25359
24569
1703
15155
27468
6939
7343
11996
386
26370
26849
13633
20973
13087
10865
14772
24143
4797
27785
4389
6711
25851
17423
10807
18258
27025
24250
1815
25289
24839
25845
859
25288
16981
7205
20799
4431
18046
2606
20068
9236
17278
2764
8974
13839
15341
24736
2702
3601
6090
10158
1853
24750
13024
25972
25098
1306
1877
27608
4073
548
7338
12670
14312
15345
13755
25457
15714
15934
6604
11899
6681
17773
10057
1601
25910
10075
11426
7697
17285
12128
7387
27939
11789
17171
11035
8853
27511
6077
16628
11109
20947
24463
18803
25852
26676
5080
6841
7182
377
10941
27795
16156
14375
26739
8467
4441
21278
14876
11892
10204
18623
17296
17928
17816
20072
17595
26098
3893
17933
11546
381
17740
13541
25524
26829
27437
9984
20764
2289
24273
2521
18396
27216
17765
4449
3391
2595
14320
25892
3820
4172
21194
12980
15652
18350
22338
18580
9457
19163
8347
13255
7462
16142
11943
17784
7156
1486
17409
5041
25192
11348
8392
10336
13099
11985
11328
4218
11018
18066
3396
17586
23838
25206
26910
3259
16384
22396
12305
22748
15846
589
16787
26997
8079
8581
11335
11551
16769
15192
3201
6824
2061
23803
643
17375
7274
17166
6630
10969
1381
7493
7519
12988
7954
6423
17762
22461
18434
7064
7207
20834
14598
15206
12928
14233
3715
26515
6349
26033
2513
9023
4194
11380
8836
16155
15644
6043
8644
26080
3801
1058
17679
8092
15303
13816
22838
16583
1087
6121
16080
12665
26262
20053
8486
24389
25759
9601
11458
8697
8723
22291
12807
3923
26527
20667
26522
24962
8727
14299
24795
24183
17754
16772
18852
20039
3627
769
8646
12347
16818
11367
8251
7887
7461
6157
25743
27179
25854
8925
16838
24586
1258
22374
4594
13289
20682
20609
6715
14282
14149
8494
23873
25287
5151
18630
25639
13108
9597
6331
24054
14447
16244
16332
10979
25402
11658
20664
4262
20674
25470
24144
26644
11266
1351
2119
9789
26447
25900
11767
25064
15456
6438
2072
25489
27178
13212
3221
16763
14667
21188
12479
4083
4448
17031
10993
25446
6628
8059
15469
17016
5094
1224
2377
15451
4582
13318
19301
15423
237
17709
11757
14169
24355
10384
22630
25839
15887
8764
950
24824
4059
27904
10241
8022
7617
25559
6451
27798
7106
16159
11661
10690
26520
3899
25734
12625
13685
4622
5121
26774
16912
14859
3545
11657
7913
12101
26477
17628
13942
8879
12814
7486
7212
6810
14662
27820
13287
3667
6148
6294
9621
18036
7712
3576
27986
3663
6995
25152
15562
6361
2851
12852
15587
12707
13037
10353
1784
15647
23980
26420
28304
4233
5110
16712
14289
13786
24562
10247
7808
27043
10940
18507
3151
26363
2106
2216
26697
8378
26387
4932
2225
23911
14550
7819
4426
15473
27947
17383
24905
9133
8674
24653
9231
24313
11407
9929
18248
25456
27866
9898
4813
15509
13199
20675
13677
26403
1828
16324
7015
10902
16192
10531
17442
18253
26364
24227
10959
3571
21252
1321
3414
20042
4436
15531
7374
1344
25691
24131
25865
6657
21222
15891
27228
3849
7730
24912
11598
16942
27118
17151
24204
23885
10108
13789
2819
24745
855
26453
4312
11305
24043
13663
12782
16982
9498
14635
14473
25283
11044
5050
911
16522
14921
28186
8427
12162
12248
25043
6184
7642
4680
25997
20776
1106
8171
1827
17790
16330
14726
4030
13979
9113
18438
24547
20620
12055
4675
13022
25313
10176
18615
4599
16742
26441
12371
10891
5051
7922
24274
18238
6219
15498
14569
20062
15521
14333
17814
4522
25233
11036
806
17794
26472
8667
13442
20669
2076
4631
15302
12710
1200
26032
13280
15856
12823
27628
9745
3842
9883
17444
27999
6836
17915
213
16132
14766
1397
1204
24712
27177
14727
4915
7684
24983
6125
21172
27668
12805
24608
10376
8657
1523
22629
20030
9786
3530
12001
8149
16650
17739
2469
25767
10855
26243
12298
7276
18636
27762
20810
9221
17821
12432
13906
468
17599
10831
313
4237
17056
20023
14069
11913
2561
8502
18247
14910
9732
10599
15389
1080
4085
17818
239
6080
13326
25351
16246
7498
129
25660
19449
9134
6774
2832
18468
7561
14274
3549
2104
1256
20679
3308
1907
17772
1606
26429
22507
27737
23757
8283
2944
16113
18163
594
6760
17812
26168
25044
4789
588
13980
7716
7607
2105
7914
11966
7181
8221
10848
24283
13356
16411
12350
4068
24356
1987
22858
11387
6805
3777
25210
14116
4654
18348
208
17004
9913
25217
25970
8454
27749
6431
4784
3212
9529
15255
26043
2614
16815
25841
2177
13206
8452
15912
10269
3365
10009
27623
12475
22701
25458
4653
1414
14386
24717
10052
9945
1655
17448
3076
20974
24693
16689
12659
10870
11254
12364
15407
26223
14641
18470
9083
24266
13502
13535
12865
17294
24871
12532
3068
4250
16053
16178
8869
14056
16806
25442
17101
27318
26404
16103
16101
4732
9281
12530
560
11923
13614
7970
89
16362
11264
14934
3402
13597
6485
27598
25667
11784
6708
21195
24431
969
11149
23965
24755
10213
20026
12735
1811
25097
13079
20083
16435
24844
16050
11366
3606
4611
25191
24456
25108
14436
4910
3493
27330
5181
14573
1872
6664
20780
3957
9989
14835
3389
12377
18112
11217
26458
17246
13248
415
16602
1081
13711
322
1365
4356
3897
4610
11186
4111
6286
7921
2160
21241
8735
2696
15457
27049
808
10828
9934
24158
3434
15526
9220
27086
6049
8287
8546
1971
8526
24428
17691
13886
8618
15658
25039
11499
25573
6247
26581
6356
18493
3080
1254
24838
4191
20070
502
27804
7818
27124
1843
25528
12103
16867
13496
8333
15878
16448
27711
1653
17079
27036
5701
9258
21230
13542
13954
25290
27502
8953
2301
7765
11512
10803
25488
15179
14504
4898
1153
12783
3723
12610
8099
2117
705
6812
6116
22837
9586
12802
25093
18192
26442
98
15560
6177
10544
13775
10643
24394
12020
25211
4768
16654
25042
7337
27505
10242
20013
9631
8720
14831
10094
9623
1320
12089
7679
16524
5090
20880
4960
2325
6152
26112
18869
7492
8449
3736
6093
13720
10992
3955
14252
21015
10164
14723
3004
4946
24546
23934
25357
1557
13281
7135
21264
6199
7694
10721
15014
2510
9974
2461
27496
13769
9808
12339
21224
20085
15258
26382
1360
13793
8398
17566
8772
17018
10857
1347
18863
6299
17214
20685
3650
6167
12468
926
20809
17297
52
27976
27948
16675
3107
25032
26445
7666
8544
20965
13778
9743
25379
22624
24302
1719
26998
2958
10808
15907
27579
9379
14159
10652
12725
169
17741
24683
20757
15914
27244
12958
20786
11516
24757
8745
12656
20812
2818
16212
13494
27171
26493
18589
8254
4363
9438
12169
27207
12413
12087
13042
26703
16861
12627
10561
22737
10295
13531
17932
2858
7552
19440
7155
24348
4560
15711
4824
13963
8686
15234
27747
6486
25817
9273
7713
28269
16440
15854
27475
9724
16808
11338
16247
15475
462
2720
4184
24525
7546
10860
24224
20672
10274
14794
20814
2098
25872
26029
16858
24819
4126
17677
13067
24135
27637
4518
27799
22352
17241
9388
6845
20614
18617
10990
16454
24475
26876
4957
26412
11755
7068
16432
25764
23923
6163
11645
21274
3932
16426
11151
9420
2729
11170
7993
18629
12444
11379
27651
6013
7283
8545
17759
7593
16638
15327
14836
17222
21255
24863
1185
4277
3337
18185
11005
2553
13489
14297
6192
26746
3564
25714
24353
20835
24665
23966
8182
27060
2085
17537
24284
25354
10282
8077
12577
9246
3915
4673
25315
6050
6379
24880
27955
27208
9825
4480
2544
16841
4477
9726
9353
8353
27632
2127
25482
6813
26479
25949
4572
16298
10110
26313
20897
7715
18208
13516
11869
10284
12372
12113
7606
13374
24804
13500
6300
20645
25669
15472
7690
27117
19445
9916
26732
24949
22511
4001
11092
16153
10790
2251
17767
14793
13845
14900
15648
10420
637
6278
27670
6773
9061
22686
13288
17041
15121
15634
28332
6854
17766
17910
21267
12310
3561
8081
8199
5086
7891
11144
17715
11602
15669
25709
21168
2767
7729
7533
2726
1471
10330
12330
3317
920
22509
26107
20972
27230
11145
16015
27773
13204
25685
4996
9900
4520
11926
21110
168
1245
9060
25875
12504
6453
15464
11756
21240
17224
4181
15401
16260
2665
26988
4871
9821
9479
18604
8068
16868
26645
17039
8147
24678
17567
8917
25276
15447
18255
3008
13159
11556
24205
19394
26702
9248
6980
488
23940
2565
8774
12505
11928
6757
13796
7319
6190
18156
6221
15525
20028
11268
1346
10276
18032
11544
7366
3167
17763
9889
27735
354
25454
24943
24876
17077
7037
23935
14782
3494
16299
1179
24861
7732
14725
9499
9892
10156
9638
25364
4445
10677
7943
9038
4408
9926
2694
25431
3463
2008
22323
25053
17878
4561
1816
8083
8766
10329
13978
15467
2688
2970
10603
4094
12539
20595
12981
18419
14182
6825
2795
3507
15717
5093
7689
8262
4361
10290
3125
11763
12831
24185
858
18509
9346
7675
26492
26379
3570
26498
8699
13791
4302
3864
24315
26973
12000
691
4757
2703
11954
27592
7775
4155
26931
8286
24660
16131
3649
9139
25453
7126
6344
3866
11424
14355
7306
7221
20939
4323
2157
949
9912
25689
24752
27596
3617
16044
19471
25876
12987
25880
5042
3298
15268
15141
6879
15753
14798
13273
25967
16714
8838
12044
12058
8231
27448
7594
2852
23804
24555
16239
25183
16365
24482
1288
26041
9753
6388
8118
4468
13151
15538
25744
15847
7090
25984
15879
10027
12140
6108
12090
18131
24259
26814
20868
24208
14980
887
12081
7705
24789
26567
20680
6881
20052
4097
20677
26517
20044
13170
13109
18613
10890
7252
9729
27905
11561
2226
17098
3900
25843
15116
17411
3398
18684
3593
2291
10301
26816
9917
6736
15267
13825
8993
11801
6151
27908
25532
25177
1173
16172
12158
25381
24319
10257
10028
3597
16865
14055
11043
3578
13470
11252
27488
17623
27005
27978
6756
10206
21058
11402
28375
4705
15977
23988
13803
22350
26457
20952
8421
3509
14605
8243
13214
8890
1322
1507
20954
10142
15922
13045
26047
14181
17907
2323
26841
16624
12024
36
24814
17680
6336
19373
24375
15353
26668
16765
27504
16249
10379
16281
584
13345
25731
19430
11863
11511
1590
8780
11920
12578
6609
2996
14688
25380
7045
24280
8719
13869
17435
10289
1788
11700
15035
4403
12102
11152
12854
8377
9607
15120
14083
13000
7833
353
9806
2509
24241
20175
9204
10332
27617
17035
12990
9130
19388
1312
10361
8632
25842
22363
27234
17643
27105
17234
7992
17012
14988
11901
19395
13324
6054
2643
21276
12762
1744
20922
13641
8293
24245
12002
27816
10352
16102
26828
23929
27536
18405
2245
20637
6040
15213
6852
7489
20833
19393
12054
25149
12529
16762
18819
2813
17931
16051
26167
10981
214
18413
20037
15885
16221
27724
1976
18616
1242
17887
3269
25821
28008
2799
6033
8396
26260
328
10273
17021
12245
17703
13160
23799
9095
15910
16187
24338
6867
18353
6775
8600
26763
16416
17785
7768
8018
24625
540
24780
16069
9336
20736
9003
20033
1876
17480
13902
27767
6122
24236
26994
2163
6426
16425
2950
7809
18542
4501
27814
20079
26378
17916
1654
14755
17037
20803
27652
7061
18000
4163
4442
1310
24911
8535
4219
1542
2886
4810
8724
24334
18300
11216
21129
3019
24662
25568
9163
6061
15130
27860
6843
26501
25544
6073
1970
8334
13060
7863
15106
8281
20876
25466
26451
27775
14109
17476
4170
15225
8907
6993
24459
2598
25214
10184
10288
27655
8754
17786
10874
8108
10676
26438
4554
24217
13802
6001
7357
27503
10010
14189
18714
19474
526
24743
440
13354
3150
12407
15953
7267
3274
16193
2024
3081
18142
20762
25857
14500
10168
10397
3110
7510
18699
27247
20898
11974
8195
12443
25234
20073
6936
12251
9515
27707
27500
6211
7829
8466
22478
24189
3884
360
9899
3354
8828
22627
6883
14593
15337
26563
14174
19454
8191
25427
15175
14897
7362
4525
4438
9904
2841
13295
14869
6688
4914
24251
2941
10978
12399
6830
27941
16621
7065
6608
4802
6106
12006
15904
13657
26298
1668
19446
4987
16833
27522
14515
20625
6047
9201
6380
11680
3263
8028
15261
4571
12423
6391
1247
27141
2653
8563
15946
12738
